volume_category_count: 6
weight_category_count: 6
reserve_item_count: 60
sack_volume: 12.0
iterations_per_reserve: 1000
data description: (([ reserve_volume_distr ], [ reserve_weight_distr ]), [ winner_sack_volume_distr ])
DATA START
(([0.23333333333333334, 0.16666666666666666, 0.15, 0.11666666666666667, 0.21666666666666667, 0.11666666666666667], [0.13333333333333333, 0.18333333333333332, 0.16666666666666666, 0.26666666666666666, 0.08333333333333333, 0.16666666666666666]), [0.3225806451612903, 0.3225806451612903, 0.03225806451612903, 0.06451612903225806, 0.06451612903225806, 0.1935483870967742])
(([0.18333333333333332, 0.26666666666666666, 0.11666666666666667, 0.15, 0.15, 0.13333333333333333], [0.15, 0.2, 0.15, 0.21666666666666667, 0.15, 0.13333333333333333]), [0.18518518518518517, 0.18518518518518517, 0.2222222222222222, 0.2962962962962963, 0.037037037037037035, 0.07407407407407407])
(([0.26666666666666666, 0.08333333333333333, 0.16666666666666666, 0.23333333333333334, 0.15, 0.1], [0.18333333333333332, 0.11666666666666667, 0.15, 0.25, 0.18333333333333332, 0.11666666666666667]), [0.25925925925925924, 0.18518518518518517, 0.25925925925925924, 0.0, 0.1111111111111111, 0.18518518518518517])
(([0.13333333333333333, 0.16666666666666666, 0.15, 0.18333333333333332, 0.2, 0.16666666666666666], [0.16666666666666666, 0.18333333333333332, 0.2, 0.1, 0.13333333333333333, 0.21666666666666667]), [0.13636363636363635, 0.09090909090909091, 0.13636363636363635, 0.2727272727272727, 0.3181818181818182, 0.045454545454545456])
(([0.25, 0.21666666666666667, 0.08333333333333333, 0.21666666666666667, 0.13333333333333333, 0.1], [0.1, 0.13333333333333333, 0.11666666666666667, 0.18333333333333332, 0.26666666666666666, 0.2]), [0.1, 0.1, 0.1, 0.25, 0.2, 0.25])
(([0.1, 0.15, 0.16666666666666666, 0.18333333333333332, 0.15, 0.25], [0.18333333333333332, 0.06666666666666667, 0.18333333333333332, 0.21666666666666667, 0.15, 0.2]), [0.25, 0.0, 0.0, 0.15, 0.4, 0.2])
(([0.15, 0.2, 0.16666666666666666, 0.15, 0.13333333333333333, 0.2], [0.2, 0.16666666666666666, 0.18333333333333332, 0.11666666666666667, 0.18333333333333332, 0.15]), [0.047619047619047616, 0.2857142857142857, 0.19047619047619047, 0.0, 0.38095238095238093, 0.09523809523809523])
(([0.18333333333333332, 0.15, 0.13333333333333333, 0.15, 0.15, 0.23333333333333334], [0.15, 0.21666666666666667, 0.11666666666666667, 0.15, 0.16666666666666666, 0.2]), [0.043478260869565216, 0.2608695652173913, 0.13043478260869565, 0.34782608695652173, 0.043478260869565216, 0.17391304347826086])
(([0.21666666666666667, 0.16666666666666666, 0.16666666666666666, 0.18333333333333332, 0.05, 0.21666666666666667], [0.26666666666666666, 0.25, 0.13333333333333333, 0.11666666666666667, 0.1, 0.13333333333333333]), [0.17391304347826086, 0.21739130434782608, 0.17391304347826086, 0.0, 0.13043478260869565, 0.30434782608695654])
(([0.15, 0.18333333333333332, 0.15, 0.16666666666666666, 0.08333333333333333, 0.26666666666666666], [0.2, 0.15, 0.15, 0.18333333333333332, 0.15, 0.16666666666666666]), [0.19230769230769232, 0.19230769230769232, 0.07692307692307693, 0.3076923076923077, 0.19230769230769232, 0.038461538461538464])
(([0.18333333333333332, 0.16666666666666666, 0.2, 0.16666666666666666, 0.13333333333333333, 0.15], [0.13333333333333333, 0.26666666666666666, 0.13333333333333333, 0.08333333333333333, 0.2, 0.18333333333333332]), [0.2, 0.3, 0.13333333333333333, 0.2, 0.13333333333333333, 0.03333333333333333])
(([0.21666666666666667, 0.13333333333333333, 0.05, 0.26666666666666666, 0.13333333333333333, 0.2], [0.15, 0.23333333333333334, 0.18333333333333332, 0.18333333333333332, 0.13333333333333333, 0.11666666666666667]), [0.2, 0.26666666666666666, 0.1, 0.3333333333333333, 0.1, 0.0])
(([0.25, 0.16666666666666666, 0.11666666666666667, 0.11666666666666667, 0.13333333333333333, 0.21666666666666667], [0.13333333333333333, 0.23333333333333334, 0.18333333333333332, 0.11666666666666667, 0.08333333333333333, 0.25]), [0.12, 0.28, 0.24, 0.08, 0.04, 0.24])
(([0.21666666666666667, 0.11666666666666667, 0.16666666666666666, 0.2, 0.13333333333333333, 0.16666666666666666], [0.11666666666666667, 0.15, 0.21666666666666667, 0.11666666666666667, 0.21666666666666667, 0.18333333333333332]), [0.16666666666666666, 0.125, 0.08333333333333333, 0.3333333333333333, 0.20833333333333334, 0.08333333333333333])
(([0.15, 0.16666666666666666, 0.16666666666666666, 0.16666666666666666, 0.23333333333333334, 0.11666666666666667], [0.06666666666666667, 0.1, 0.13333333333333333, 0.18333333333333332, 0.26666666666666666, 0.25]), [0.20833333333333334, 0.125, 0.16666666666666666, 0.08333333333333333, 0.3333333333333333, 0.08333333333333333])
(([0.18333333333333332, 0.23333333333333334, 0.13333333333333333, 0.18333333333333332, 0.13333333333333333, 0.13333333333333333], [0.18333333333333332, 0.16666666666666666, 0.15, 0.16666666666666666, 0.23333333333333334, 0.1]), [0.21428571428571427, 0.2857142857142857, 0.10714285714285714, 0.17857142857142858, 0.07142857142857142, 0.14285714285714285])
(([0.15, 0.15, 0.23333333333333334, 0.16666666666666666, 0.11666666666666667, 0.18333333333333332], [0.11666666666666667, 0.15, 0.16666666666666666, 0.1, 0.25, 0.21666666666666667]), [0.17857142857142858, 0.32142857142857145, 0.14285714285714285, 0.14285714285714285, 0.14285714285714285, 0.07142857142857142])
(([0.13333333333333333, 0.11666666666666667, 0.1, 0.18333333333333332, 0.26666666666666666, 0.2], [0.21666666666666667, 0.16666666666666666, 0.16666666666666666, 0.21666666666666667, 0.15, 0.08333333333333333]), [0.05, 0.1, 0.2, 0.1, 0.5, 0.05])
