(20, 2, 0.38943113003987195, 0.2943852024313265, 0.3161836675288015)
(20, 3, 0.39421723223502325, 0.3408434445478497, 0.2649393232171267)
(20, 4, 0.4117000075284593, 0.3233210945531278, 0.2649788979184124)
(20, 5, 0.3684721616028729, 0.3556777632382262, 0.2758500751589004)
(24, 2, 0.39534955185062853, 0.31887300252867634, 0.285777445620695)
(24, 3, 0.38606904312288476, 0.31960348227462465, 0.29432747460249054)
(24, 4, 0.39600465417261094, 0.346275379209685, 0.25771996661770374)
(24, 5, 0.38176468180131806, 0.3234961729044017, 0.29473914529428)
(24, 6, 0.3737720377105109, 0.34730185308107814, 0.2789261092084106)
(24, 7, 0.3767961683998834, 0.3255374659310415, 0.29766636566907434)
(28, 2, 0.3869674220736104, 0.3151151880028531, 0.29791738992353656)
(28, 3, 0.40677426371244624, 0.31648132750046876, 0.27674440878708473)
(28, 4, 0.40133743695295626, 0.3315518632441385, 0.2671106998029051)
(28, 5, 0.3783405190623301, 0.352942468766862, 0.26871701217080785)
(28, 6, 0.3709297202033568, 0.3488564271073591, 0.28021385268928356)
(28, 7, 0.3664082027363758, 0.34676501993878134, 0.28682677732484213)
(28, 8, 0.38032502353167985, 0.3237217227646792, 0.29595325370364045)
(33, 3, 0.440832411165602, 0.31859402649488855, 0.24057356233950933)
(33, 4, 0.40680077017853483, 0.3423629876871073, 0.25083624213435746)
(33, 5, 0.42829083115587024, 0.3269092607322873, 0.24479990811184263)
(33, 6, 0.41258749332512423, 0.3250520847780495, 0.2623604218968261)
(33, 7, 0.3939483277972587, 0.33036334610940377, 0.2756883260933369)
(33, 8, 0.3990354751887256, 0.3308916172406882, 0.27007290757058533)
(33, 9, 0.39133732828736867, 0.3441145593483401, 0.26454811236429066)
(33, 10, 0.3870521395662687, 0.3366112750953811, 0.27633658533835)
(39, 3, 0.4184880655381932, 0.30859819293879764, 0.2729137415230089)
(39, 4, 0.4097240185472904, 0.3225316699602574, 0.26774431149245187)
(39, 5, 0.4210494558117543, 0.3165469987474817, 0.2624035454407637)
(39, 6, 0.401824552043333, 0.3370086030767748, 0.2611668448798917)
(39, 7, 0.4093421453847148, 0.33790663937026144, 0.2527512152450232)
(39, 8, 0.3816350512317257, 0.3378237093707222, 0.28054123939755127)
(39, 9, 0.3945165743952948, 0.3357540528667443, 0.2697293727379603)
(39, 10, 0.37617613032347197, 0.3463363809891418, 0.2774874886873858)
(39, 11, 0.378018492940232, 0.34945636360418963, 0.2725251434555782)
(39, 12, 0.3827320586622964, 0.3371182159659016, 0.28014972537180177)
(46, 4, 0.45321094369124937, 0.3094927181039316, 0.23729633820481857)
(46, 5, 0.43326936270448874, 0.3178233692369117, 0.24890726805859945)
(46, 6, 0.4090397956446719, 0.33832465221397096, 0.25263555214135686)
(46, 7, 0.4271118808522057, 0.32049258563074334, 0.2523955335170504)
(46, 8, 0.4124314198013886, 0.32600523556251093, 0.2615633446360999)
(46, 9, 0.3979296260491576, 0.33042515042581355, 0.2716452235250289)
(46, 10, 0.40431029849010536, 0.33197481515102617, 0.2637148863588684)
(46, 11, 0.3968241349061825, 0.33495803959688975, 0.26821782549692785)
(46, 12, 0.39203478708490097, 0.3321354111910224, 0.2758298017240768)
(46, 13, 0.39653632938004, 0.31811566690824616, 0.2853480037117139)
(46, 14, 0.3739553614582441, 0.35749406704752446, 0.26855057149423156)
(55, 5, 0.4422775739496197, 0.3233710704595368, 0.2343513555908432)
(55, 6, 0.4297408239702301, 0.3275665926993346, 0.242692583330435)
(55, 7, 0.42873953218264355, 0.32727645565648644, 0.24398401216086957)
(55, 8, 0.4184299725472323, 0.3109223884131004, 0.2706476390396668)
(55, 9, 0.41726933897199475, 0.32627390632635966, 0.25645675470164503)
(55, 10, 0.41297274247460714, 0.3317908508352876, 0.2552364066901051)
(55, 11, 0.404803013889291, 0.3243711873874918, 0.2708257987232172)
(55, 12, 0.3937147461527082, 0.3533227895422229, 0.25296246430506886)
(55, 13, 0.41015758999470375, 0.3362061795628185, 0.25363623044247763)
(55, 14, 0.4082493435870858, 0.3415250258139892, 0.25022563059892494)
(55, 15, 0.3860064746801644, 0.3440360720995249, 0.2699574532203106)
(55, 16, 0.4043253802489814, 0.32723001817334685, 0.26844460157767197)
(55, 17, 0.40313774807843894, 0.32906480682244454, 0.2677974450991165)
(66, 6, 0.4135515314363913, 0.3332318862353236, 0.2532165823282849)
(66, 7, 0.4305158309612642, 0.32678896666628854, 0.2426952023724469)
(66, 8, 0.4277425450509813, 0.3198697028519009, 0.2523877520971173)
(66, 9, 0.43537375998583455, 0.33083270589116737, 0.23379353412299794)
(66, 10, 0.3996238815700385, 0.3454152065572512, 0.25496091187271014)
(66, 11, 0.4116827049230658, 0.31375290631648295, 0.2745643887604511)
(66, 12, 0.3989539039361496, 0.33524015504939514, 0.2658059410144552)
(66, 13, 0.40104302844835815, 0.327478496562503, 0.271478474989139)
(66, 14, 0.4292989122316183, 0.31629590037815525, 0.2544051873902264)
(66, 15, 0.38714103213441575, 0.35573295750877404, 0.2571260103568102)
(66, 16, 0.4095051788209612, 0.3250392854030001, 0.2654555357760388)
(66, 17, 0.39876823774249187, 0.33507174011936075, 0.2661600221381475)
(66, 18, 0.37363148679352254, 0.33994855559413095, 0.2864199576123466)
(66, 19, 0.3929218577020955, 0.35385906557843005, 0.2532190767194744)
(66, 20, 0.3949270285582639, 0.33666238101575385, 0.26841059042598236)
(66, 21, 0.3827269217879321, 0.34224702827079606, 0.27502604994127167)
(79, 7, 0.4289057756828653, 0.32763294849285546, 0.24346127582427882)
(79, 8, 0.4399756882470065, 0.3286147591621072, 0.2314095525908858)
(79, 9, 0.43495864837447745, 0.3273750103251542, 0.23766634130036784)
(79, 10, 0.42169513533435515, 0.325681740290591, 0.25262312437505396)
(79, 11, 0.4203490723677061, 0.31526854787724357, 0.26438237975505047)
(79, 12, 0.4230097558684878, 0.3313857036034456, 0.2456045405280667)
(79, 13, 0.4131806865123719, 0.3277616454537313, 0.2590576680338968)
(79, 14, 0.4163896156200824, 0.3079159373986481, 0.27569444698126944)
(79, 15, 0.4179440756308206, 0.33502162898220894, 0.24703429538697047)
(79, 16, 0.39772053051227635, 0.33159912753119086, 0.2706803419565329)
(79, 17, 0.40171672097315925, 0.3320221244566994, 0.2662611545701415)
(79, 18, 0.4234929546875859, 0.3113420064437134, 0.2651650388687008)
(79, 19, 0.39814531273286635, 0.33590384959196234, 0.2659508376751712)
(79, 20, 0.40024020541912475, 0.3285539167657099, 0.2712058778151653)
(79, 21, 0.39260277344064887, 0.3365884030543959, 0.2708088235049551)
(79, 22, 0.39284905675721, 0.3432656432734425, 0.26388529996934745)
(79, 23, 0.39467020702608324, 0.3340107285783119, 0.27131906439560505)
(79, 24, 0.4025152294826579, 0.3228128196340811, 0.2746719508832609)
(79, 25, 0.39809738420480184, 0.3251096439325264, 0.2767929718626719)
